waypoints:
- name: point_1
  x: -1.0994698083401033
  y: 0.9969760371996155
  theta: -2.5594150093063806
- name: point_2
  x: -0.6151329662624021
  y: 1.9965507850735935
  theta: 1.3241012249807549
